AI Notes:

scripts/extract-strings.ts: +24[0],+32[0],+64[0],+117[0],+123-124[0],+130[0],+133[0],+147-148[0],+156-157[0],+162[0],+167[0],+171[0],+185[0],+192[0],+196[0],+200[0],+208[0],+225[0],+253-254[0],+258-259[0],+263-264[0],+276[0],+294[0],+310-312[0],+321-322[0],+346[0],+355[0],+360[0],+363-364[0],+367[0],+370[0],+381[0],+392[0],+401[0],+407[0],+411-413[0],+416[0],+447-448[0],+465[0],+495-496[0],+498-499[0],+530-531[0]
src/lib/locales/en/translation.json: +24[1],+61[2],+77[3],+81[4],+112[2],+124[4],+155[2],+159[3],+161-162[3],+165[3],+167-172[3],+175-177[3],+179[3],+182-184[3],+186-195[3],+202-203[3],+207[3],+208[4],+269[2],+272[2],+283[4],+295[4],+326[2],+329[2],+358[4],+389[2],+393[5],+396[4],+427[2],+431[4],+458[2],+461[5],+467[1],+478[4],+509[2],+518[1],+530[1],+539[6],+544[1],+545[4],+576[2],+585[4],+616[2],+627[4],+658[2],+666[4],+697[2],+716[4]
src/lib/locales/fr/translation.json: +746[7],+779[7]
src/lib/locales/ja/translation.json: +746[7],+759[7],+767[7],+769[7],+776-777[7]
src/lib/locales/ko/translation.json: +746[7],+779[7]
src/lib/locales/zh-TW/translation.json: +30[7],+50[7],+80[7],+110[7],+140[7],+161[7],+191[7],+245[7],+275[7],+312[7],+338[7],+343[7],+368[7],+373[7],+406[7],+436[7],+448[7],+478[7],+486[7],+516[7],+529[7],+559[7],+569[7],+590[7],+599[7],+608[7],+638[7],+665[7],+695[7],+703[6],+716[7],+718-719[7],+743[7],+781[7] -222[4]

Conversations:

[0]: 7fed5429-a03f-40db-af05-5a89637620a1; Check and update localization progress; composer-1;
[1]: 3748bced-25f1-4fd2-bbaa-566dca4ce7d7; Localize iPod settings; composer-1;
[2]: 6c1ceec8-eaa5-4d8a-bb61-9dfe305c8e97; Localize applet viewer; composer-1;
[3]: 31cfb261-366b-4a2f-8c72-e21c3c50a2c0; Localize internet explorer; composer-1;
[4]: f6f580aa-7ad0-46b0-ae7a-99105b7dc4f8; Localize paint application; composer-1;
[5]: f0606fb6-cb99-4fd4-a02b-b55a736b0562; Localize photo booth setup; composer-1;
[6]: 8db2f8ff-4a03-440a-83df-90395d691ce1; Localize iPod components and keys; composer-1;
[7]: 17545cb8-0fb6-421e-b363-f6d42cc18fb8; Localize folder and shortcut names; composer-1;
