AI Notes:

src/apps/applet-viewer/components/AppletViewerAppComponent.tsx: +1451[0],+1454-1455[0] -1451[0],-1454-1455[0]
src/apps/pc/components/PcAppComponent.tsx: +14-15[1],+44[1],+47[1],+290[1],+301[1],+305[1],+309[1],+374[1],+387-388[1] -286[1],-297[1],-301[1],-305[1],-370[1],-383-384[1]
src/apps/textedit/components/DialogManager.tsx: +7[2],+49[2],+88-89[2],+101-102[2],+109[2],+112-113[2],+117[2],+120[2] -86-87[2],-99-100[2],-107[2],-110-111[2],-115[2],-118[2]
src/apps/textedit/components/EditorToolbar.tsx: +32[2],+57[2],+100[2],+115[2],+130[2],+150[2],+159[2],+201[2],+218[2],+235[2],+257[2],+272[2],+297[2],+339[2],+354[2],+371[2],+391[2],+394-397[2],+413[2],+419[2],+422[2],+425[2],+428[2],+444[2],+461[2],+478[2],+499[2],+516[2],+543[2] -98[2],-113[2],-128[2],-148[2],-157[2],-199[2],-216[2],-233[2],-255[2],-270[2],-295[2],-337[2],-352[2],-369[2],-389[2],-392-395[2],-411[2],-417[2],-420[2],-423[2],-426[2],-442[2],-459[2],-476[2],-497[2],-514[2],-541[2]
src/apps/textedit/components/TextEditAppComponent.tsx: +21[2],+35[2],+295[2],+360[2],+451[2],+537[2] -293[2],-358[2],-449[2],-535[2]
src/apps/textedit/extensions/SlashCommands.tsx: +14[2],+17[2],+32[2],+41-42[2],+44[2],+46[2],+48[2],+50[2],+52[2],+59-61[2],+103[2],+117[2],+125[2],+133[2],+141[2],+149[2],+157[2],+165[2],+190[2] -38-39[2],-41[2],-43[2],-45[2],-47[2],-49[2],-96[2]
src/apps/videos/components/VideosAppComponent.tsx: +22-23[3],+286-287[3],+520[3],+525[3],+538[3],+543[3],+672[3],+679-681[3],+706[3],+713[3],+750[3],+764[3],+768[3],+787-789[3],+809-810[3],+846-848[3],+856-857[3],+873[3],+879[3],+935[3],+944[3],+952[3],+1098[3],+1142[3],+1144[3],+1165[3],+1176[3],+1191[3],+1259[3],+1279[3],+1295[3],+1316[3],+1324[3],+1340[3],+1352[3],+1360[3],+1376[3],+1387[3],+1405-1406[3],+1419[3],+1421-1422[3],+1428-1429[3],+1438[3] -516[3],-521[3],-534[3],-539[3],-668[3],-675-677[3],-702[3],-709[3],-746[3],-760[3],-764[3],-783-784[3],-804-805[3],-841-842[3],-850-851[3],-867[3],-873[3],-929[3],-938[3],-946[3],-1092[3],-1136[3],-1138[3],-1159[3],-1170[3],-1185[3],-1253[3],-1273[3],-1289[3],-1310[3],-1318[3],-1334[3],-1346[3],-1354[3],-1370[3],-1381[3],-1399-1400[3],-1413[3],-1415-1416[3],-1422-1423[3],-1432[3]
src/components/dialogs/ShareItemDialog.tsx: +16[4],+43[4],+51-52[4],+63-64[4],+78[4],+93-94[4],+99-100[4],+112[4],+117[4],+122[4],+148[4],+177[4],+218-219[4],+242[4],+267[4],+269[4],+290[4],+292[4],+298[4],+301[4] -58-59[4],-73[4],-88-89[4],-94-96[4],-108[4],-113[4],-118[4],-144[4],-173[4],-214-215[4],-238[4],-263[4],-265[4],-286[4],-288[4],-294[4],-297[4]
src/lib/locales/de/translation.json: +1007[5],+1266[5],+1325[2],+1331[5],+1335[5],+1339[5],+1343[5],+1347[5],+1351[5],+1355-1356[5],+1377[5],+1451[5],+1507[5],+1516[5] -1297[2]
src/lib/locales/en/translation.json: +47-69[4],+70-71[6],+643-658[1],+686[6],+687-694[1],+695[6],+696-699[1],+700[6],+701-703[1],+704[6],+705-707[1],+708[6],+709-711[1],+712[6],+713-715[1],+716[6],+717-719[1],+720[6],+721-723[1],+724-725[6],+997-998[6],+999-1022[1],+1023-1024[6],+1025-1035[1],+1258-1261[1],+1275[6],+1276-1277[1],+1278[6] -47[4]
src/lib/locales/fr/translation.json: +1007[5],+1164[2],+1167[2],+1266[5],+1325[2],+1331[5],+1335[5],+1339[5],+1343[5],+1347[5],+1351[5],+1355-1356[5],+1377[5],+1451[5],+1507[5],+1516[5] -1156[2],-1159[2],-1297[2]
src/lib/locales/ja/translation.json: +1007[5],+1037[1],+1047[1],+1049[1],+1155[2],+1164[2],+1167[2],+1266[5],+1325[2],+1331[5],+1335[5],+1339[5],+1343[5],+1347[5],+1351[5],+1355-1356[5],+1377[5],+1425[3],+1451[5],+1507[5],+1516[5],+1566[3] -1031[1],-1041[1],-1043[1],-1147[2],-1156[2],-1159[2],-1297[2],-1348[3],-1439[3]
src/lib/locales/ko/translation.json: +1007[5],+1155[2],+1164[2],+1167[2],+1266[5],+1325[2],+1331[5],+1335[5],+1339[5],+1343[5],+1347[5],+1351[5],+1355-1356[5],+1377[5],+1451[5],+1507[5],+1516[5] -1147[2],-1156[2],-1159[2],-1297[2]
src/lib/locales/zh-TW/translation.json: +1007[5],+1155[2],+1164[2],+1167[2],+1266[5],+1299[2],+1325[2],+1331[5],+1335[5],+1339[5],+1343[5],+1347[5],+1351[5],+1355-1356[5],+1377[5],+1451[5],+1507[5],+1516[5] -1147[2],-1156[2],-1159[2],-1271[2],-1297[2]

Conversations:

[0]: 68c07549-5945-4092-8f3a-e6a49491da43; Applet store title localization issue; composer-1;
[1]: 74d0b3a8-5712-45ed-85ea-082c7f3be13d; Localize virtual PC setup; composer-1;
[2]: 40dbae0b-7a32-49fa-b6bc-e7b8cb24ecbe; Localize text editing feature; composer-1;
[3]: cccd1800-f7a4-404d-8023-c92f35408697; Localize videos for different audiences; composer-1;
[4]: 754a2901-f892-47df-9cb5-40e84d837dba; Localize share page dialogs; composer-1;
[5]: c36cbdde-f495-477f-81fc-be2ceff5bbe0; Fix localization and title appearance; composer-1;
[6]: b8af09a7-aa4b-4909-8f26-b78062ae971d; Localize synth application; composer-1;
