AI Notes:

src/apps/applet-viewer/components/AppletViewerAppComponent.tsx: +36[0],+60[0],+559-561[0],+563[0],+565[0],+591[0],+600[0],+602[0],+618[0] -557-559[0],-561[0],-563[0],-589[0],-598[0],-600[0],-616[0]
src/apps/applet-viewer/components/AppStore.tsx: +10[0],+19[0],+75-76[0],+90-91[0],+100[0],+102[0],+155[0],+158-160[0],+164[0],+173[0],+195-196[0],+201-202[0],+311[0],+328[0],+332-333[0],+356[0],+360-361[0],+372[0],+423[0],+446-448[0],+451-452[0],+455[0],+459[0],+462[0],+466[0],+518[0],+530[0],+562[0],+576[0],+586[0],+642[0],+668[0],+712[0],+750[0],+776[0],+784[0],+793[0],+803[0],+813[0],+823[0] -73-74[0],-88-89[0],-98[0],-100[0],-153[0],-156[0],-160[0],-169[0],-191-192[0],-197-198[0],-307[0],-324[0],-328-329[0],-352[0],-356-357[0],-368[0],-419[0],-442-444[0],-447-448[0],-451[0],-455[0],-458[0],-462[0],-514[0],-526[0],-558[0],-572[0],-582[0],-638[0],-664[0],-708[0],-746[0],-772[0],-780[0],-789[0],-799[0],-809[0],-819[0]
src/apps/applet-viewer/components/AppStoreFeed.tsx: +11[0],+26[0],+407[0],+418[0],+426[0],+512[0],+582[0] -405[0],-416[0],-424[0],-510[0],-580[0]
src/lib/locales/de/translation.json: +61[1],+95[1],+124[1],+138[1]
src/lib/locales/en/translation.json: +1135-1136[2],+1137-1138[0],+1139[3],+1140[4],+1141-1191[0],+1192-1193[2],+1194-1205[0],+1206[2],+1207-1211[0],+1212[2],+1213-1219[0],+1220[2],+1221[0],+1222[4],+1223[3]
src/lib/locales/fr/translation.json: +61[1],+95[1],+124[1],+138[1]
src/lib/locales/ja/translation.json: +61[1],+95[1],+124[1],+138[1]
src/lib/locales/ko/translation.json: +61[1],+95[1],+124[1],+138[1]
src/lib/locales/zh-TW/translation.json: +61[1],+95[1],+124[1],+138[1]

Conversations:

[0]: 6c1ceec8-eaa5-4d8a-bb61-9dfe305c8e97; Localize applet viewer; composer-1;
[1]: c36cbdde-f495-477f-81fc-be2ceff5bbe0; Fix localization and title appearance; composer-1;
[2]: b8af09a7-aa4b-4909-8f26-b78062ae971d; Localize synth application; composer-1;
[3]: 9f51e976-56e4-4c04-8b79-8a7b01e9a75c; Show localized app name in help dialog; composer-1;
[4]: 74d0b3a8-5712-45ed-85ea-082c7f3be13d; Localize virtual PC setup; composer-1;
