AI Notes:

src/apps/chats/components/ChatInput.tsx: +21[0],+88[0],+180[0],+309[0],+335[0],+337[0],+339[0],+341-342[0],+371[0],+392[0],+399[0],+418[0],+425[0],+450[0],+627-628[0] -178[0],-307[0],-333[0],-335[0],-337[0],-339-340[0],-369[0],-390[0],-397[0],-416[0],-423[0],-448[0],-625-630[0]
src/apps/chats/components/ChatMessages.tsx: +38[0],+160[0],+162[0],+168[0],+259[0],+291[0],+372[0],+575[0],+583[0],+712[0],+718[0],+731[0],+744[0],+747[0],+783[0],+883-884[0],+915[0],+921[0],+938[0],+944[0],+1048[0],+1337[0],+1374[0] -159[0],-161[0],-167[0],-289[0],-572[0],-580[0],-709[0],-715[0],-728[0],-741[0],-744[0],-780[0],-880-881[0],-912[0],-918[0],-935[0],-941[0],-1045[0],-1334[0],-1371[0]
src/apps/chats/components/ChatRoomSidebar.tsx: +16[0],+43[0],+112-113[0],+132[0],+135[0],+174[0],+189[0],+222[0],+258[0],+286[0] -110-111[0],-130[0],-133[0],-172[0],-187[0],-220[0],-256[0],-284[0]
src/apps/chats/components/ChatsAppComponent.tsx: +35[0],+53[0],+226[0],+423[0],+431-432[0],+437[0],+693[0],+705[0],+716[0],+778[0],+789[0],+858-859[0],+865-866[0],+917-918[0],+922-923[0],+937-938[0],+946[0] -224[0],-421[0],-429-430[0],-435[0],-691[0],-703[0],-714[0],-776[0],-787[0],-856-857[0],-863-864[0],-915-916[0],-920-921[0],-935-936[0],-944[0]
src/apps/chats/components/ChatsMenuBar.tsx: +213[0],+308[0],+317[0],+323[0],+330[0],+342[0] -213[0],-308[0],-317[0],-323[0],-330[0],-342[0]
src/apps/chats/components/CreateRoomDialog.tsx: +20[0],+43[0],+117[0],+145-146[0],+155[0],+161[0],+190[0],+217[0],+261[0],+266[0],+398[0],+421[0],+442[0],+447[0],+454[0],+458-459[0] -115[0],-143-144[0],-153[0],-159[0],-188[0],-215[0],-259[0],-264[0],-396[0],-419[0],-440[0],-445[0],-452[0],-456-457[0]
src/apps/chats/components/TokenStatus.tsx: +7-8[0],+11[0],+96[0],+101[0],+107[0],+113[0],+123[0],+139[0],+154[0],+161[0],+166-167[0],+170[0],+173[0] -93[0],-98[0],-104[0],-110[0],-120[0],-136[0],-151[0],-162-163[0],-166[0],-169[0]
src/apps/ipod/components/IpodAppComponent.tsx: +702[1],+779[1],+1991[1],+2654[1],+2698[1] -702[1],-779[1],-1991[1],-2654[1],-2698[1]
src/apps/ipod/components/IpodScreen.tsx: +699[1] -699[1]
src/apps/ipod/components/LyricsDisplay.tsx: +16[1],+70-78[1],+80-81[1],+91-99[1],+101-102[1] -69-74[1],-76-77[1],-87-92[1],-94-95[1]
src/apps/ipod/hooks/useLibraryUpdateChecker.ts: +4[1],+9[1],+85-88[1],+90-103[1],+105[1],+115-116[1],+159-174[1],+176[1],+181-182[1],+188-189[1],+204-219[1],+221[1],+225-228[1],+234-235[1] -83-85[1],-87-98[1],-100[1],-110-111[1],-154-165[1],-167[1],-172-173[1],-179-180[1],-195-206[1],-208[1],-212-213[1],-219-220[1]
src/lib/locales/de/translation.json: +67[2],+97[2],+146[2],+154[2],+179[2],+192[2]
src/lib/locales/en/translation.json: +393-394[3],+395-421[0],+422-423[3],+424-446[0],+447[3],+448[4],+449-455[0],+456[5],+457-460[0],+461[3],+462-467[0],+468[3],+469-472[0],+473[3],+474-476[0],+477[6],+478-485[0],+790[1],+808-825[1],+841-842[1] -714[1],-730[1]
src/lib/locales/fr/translation.json: +67[2],+97[2],+141[2],+146[2],+154[2],+179[2],+192[2]
src/lib/locales/ja/translation.json: +67[2],+97[2],+141[2],+146[2],+154[2],+179[2],+192[2]
src/lib/locales/ko/translation.json: +67[2],+97[2],+141[2],+146[2],+154[2],+179[2],+192[2]
src/lib/locales/zh-TW/translation.json: +67[2],+97[2],+141[2],+146[2],+154[2],+179[2],+192[2],+525[1],+530-531[1],+535[1],+537-538[1],+541-543[1],+591[1],+595[1],+599[1],+601[1],+613-614[1],+1068[1] -463[1],-467[1],-471[1],-473[1],-485-486[1],-938[1]

Conversations:

[0]: cb9c9bef-8087-46b1-b55c-f4b83290d2ee; Localize chats app components; composer-1;
[1]: 8db2f8ff-4a03-440a-83df-90395d691ce1; Localize iPod components and keys; composer-1;
[2]: c36cbdde-f495-477f-81fc-be2ceff5bbe0; Fix localization and title appearance; composer-1;
[3]: b8af09a7-aa4b-4909-8f26-b78062ae971d; Localize synth application; composer-1;
[4]: f0606fb6-cb99-4fd4-a02b-b55a736b0562; Localize photo booth setup; composer-1;
[5]: 74d0b3a8-5712-45ed-85ea-082c7f3be13d; Localize virtual PC setup; composer-1;
[6]: 31cfb261-366b-4a2f-8c72-e21c3c50a2c0; Localize internet explorer; composer-1;
