AI Notes:

api/chat.ts: +41-42[0],+198-200[0],+201[1]
src/apps/chats/components/ChatMessages.tsx: +29[0],+208[0],+211-217[0] -207[0],-210-211[0]
src/apps/chats/hooks/useAiChat.ts: +28[0],+39[0],+268[0],+379[0],+786[0],+790[0],+804[0],+827[0],+835[0],+839[0],+859[0],+864-867[0],+893-895[0],+901-904[0],+982[0],+1002[0],+1009-1013[0],+1018-1021[0],+1028[0],+1036-1039[0],+1041[0],+1046-1049[0],+1057[0],+1085-1086[0],+1092-1095[0],+1110[0],+1127[0],+1129[0],+1163-1167[0],+1172-1175[0],+1183[0],+1189-1190[0],+1196-1199[0],+1221-1224[0],+1295-1298[0],+1372-1374[0],+1376-1377[0],+1394-1396[0],+1400[0],+1424-1427[0],+1495-1497[0],+1501[0],+1527[0],+1580[0],+1634[0],+2591[0] -782[0],-786[0],-800[0],-823[0],-831[0],-835[0],-855[0],-860[0],-886[0],-892[0],-970[0],-990[0],-997[0],-1002[0],-1009[0],-1017[0],-1022[0],-1030[0],-1058-1059[0],-1065[0],-1080[0],-1097[0],-1099[0],-1133-1134[0],-1136[0],-1141[0],-1149[0],-1155-1156[0],-1162[0],-1184[0],-1255-1256[0],-1330[0],-1332-1333[0],-1353[0],-1377-1378[0],-1449[0],-1475[0],-1528[0],-1582[0],-2539[0]
src/apps/chats/hooks/useRyoChat.ts: +9[0],+18[0],+48[0]
src/apps/minesweeper/components/MinesweeperAppComponent.tsx: +14[2],+185[2],+497[2],+531[2] -495[2],-529[2]
src/apps/terminal/components/TerminalAppComponent.tsx: +31[0],+65[0],+68-74[0] -31[0],-67-68[0]
src/components/shared/ToolInvocationMessage.tsx: +3[0],+19[0],+56[0],+71[0],+73[0],+75[0],+77[0],+84[0],+86[0],+88[0],+90[0],+97[0],+99[0],+104[0],+107[0],+110[0],+113[0],+118[0],+120[0],+122[0],+124[0],+126[0],+131[0],+134[0],+143-145[0],+147-153[0],+154[1],+155-156[0],+157-158[1],+160-164[0],+165-166[1],+168-179[0],+180[1],+181-192[0],+193-194[1],+196-217[0],+218[1],+219-220[0],+221[1],+222-223[0],+225[0],+235[0],+254[0],+258[0],+263[0],+268[0],+270[0],+274[0],+276[0],+283[0],+286-291[0],+292[1],+293[0],+294[1],+296[0],+298[0],+307[0],+313[0],+315[0],+317[0],+319[0],+321[0],+324[0],+326[0],+330[0],+332-333[0],+338[0],+344[0],+417[0],+459[0],+483[0] -68[0],-70[0],-72[0],-74[0],-81[0],-83[0],-85[0],-87[0],-94[0],-96[0],-101[0],-104[0],-107[0],-110[0],-115[0],-117[0],-119[0],-121[0],-123[0],-128[0],-131[0],-140-143[0],-145-158[0],-160[0],-170[0],-189[0],-193[0],-198[0],-203[0],-205[0],-209[0],-211[0],-218[0],-221-224[0],-226[0],-228[0],-237[0],-243[0],-245[0],-247[0],-249[0],-251[0],-254[0],-256[0],-260[0],-262-263[0],-268[0],-274[0],-347[0],-389[0],-413[0]
src/lib/locales/de/translation.json: +231[0],+280-375[0],+376[1],+1007-1010[0],+1475[0] -1373[0]
src/lib/locales/en/translation.json: +630-631[0],+632[3],+633-659[0],+660-661[3],+662-665[0],+666-669[3],+670-671[0],+672[3],+673-675[0],+676-677[3],+678-683[0],+684-686[3],+687[0],+688[3],+689-692[0],+693[3],+694-700[0],+701-705[3],+706-729[0],+730[1],+1031-1033[0],+1034[3] -630[0]
src/lib/locales/fr/translation.json: +231[0],+280-375[0],+376[1],+1007-1010[0],+1275[0],+1475[0] -1173[0],-1373[0]
src/lib/locales/ja/translation.json: +231[0],+280-375[0],+376[1],+1007-1010[0],+1275[0],+1342[0],+1475[0] -1173[0],-1240[0],-1373[0]
src/lib/locales/ko/translation.json: +231[0],+280-375[0],+376[1],+1007-1010[0],+1231[0],+1275[0],+1342[0],+1475[0] -1129[0],-1173[0],-1240[0],-1373[0]
src/lib/locales/zh-TW/translation.json: +231[0],+280-375[0],+376[1],+1007-1010[0],+1275[0],+1281[0],+1342[0],+1475[0] -1173[0],-1179[0],-1240[0],-1373[0]
src/stores/useChatsStore.ts: +10[0],+247[0],+250[0],+254[0],+298[0],+943[0] -246[0],-249[0],-253[0],-297[0],-942[0]

Conversations:

[0]: 4afd4575-bad0-40ed-a87b-2ebae5b92ddc; Auto detect and set user locale; composer-1;
[1]: 0b334afb-08cf-4901-b674-98452eb67850; Add settings tool for AI system; composer-1;
[2]: 0811ba11-51b6-4be1-aade-96549b786a1e; Localize lcd in minesweeper; composer-1;
[3]: 17426fa4-6168-4fb7-8844-b61d887e7e2a; Check remaining localization tasks; composer-1;
