AI Notes:

src/lib/locales/de/translation.json: +30-33[0],+35[0]
src/lib/locales/en/translation.json: +4[1],+6[1],+18[2],+29-35[0],+38[3],+41[2],+53[2],+61[3],+68-69[3],+78[3],+82[3],+86[3],+90[3],+94[3],+98-100[3],+108[3],+112[3],+116[3],+120[3],+124[3],+128-130[3],+138[3],+142[3],+146[3],+150[3],+154[3],+158-160[3],+168[3],+172[3],+176[3],+180[3],+184[3],+188-190[3],+198[3],+202[3],+206[3],+210[3],+214[3],+218-220[3],+228[3],+232[3],+236[3],+240[3],+244[3],+248-250[3],+258[3],+262[3],+266[3],+270[3],+274[3],+278-280[3],+288[3],+292[3],+296[3],+300[3],+304-306[3],+314[3],+318[3],+322[3],+326[3],+330[3],+334-336[3],+344[3],+348[3],+352[3],+356[3],+360[3],+364-366[3],+374[3],+378[3],+382[3],+386-387[3],+390[3],+394-396[3],+404[3],+408[3],+412[3],+416[3],+420[3],+424-426[3],+434[3],+438[3],+442[3],+446[3],+450[3],+454-456[3],+464[3],+468[3],+472[3],+476[3],+480[3],+484-486[3],+494[3],+498[3],+502[3],+506[3],+510[3],+514-517[3],+522[1],+524-527[1],+528-530[3]
src/lib/locales/fr/translation.json: +29-35[0]
src/lib/locales/ja/translation.json: +29-33[0],+35[0]
src/lib/locales/ko/translation.json: +29-35[0]
src/lib/locales/zh-TW/translation.json: +38[0],+61[0],+68-69[0],+78[0],+82[0],+86[0],+90[0],+94[0],+98-100[0],+108[0],+112[0],+116[0],+120[0],+124[0],+128-130[0],+138[0],+142[0],+146[0],+150[0],+154[0],+158-160[0],+168[0],+172[0],+176[0],+180[0],+184[0],+188-190[0],+198[0],+202[0],+206[0],+210[0],+214[0],+218-220[0],+228[0],+232[0],+236[0],+240[0],+244[0],+248-250[0],+258[0],+262[0],+266[0],+270[0],+274[0],+278-280[0],+288[0],+292[0],+296[0],+300[0],+304-306[0],+314[0],+318[0],+322[0],+326[0],+330[0],+334-336[0],+344[0],+348[0],+352[0],+356[0],+360[0],+364-366[0],+374[0],+378[0],+382[0],+386[0],+390[0],+394-396[0],+404[0],+408[0],+412[0],+416[0],+420[0],+424-426[0],+434[0],+438[0],+442[0],+446[0],+450[0],+454-456[0],+464[0],+468[0],+472[0],+476[0],+480[0],+484-486[0],+494[0],+498[0],+502[0],+506[0],+510[0],+514-517[0],+528-530[0]
src/utils/i18n.ts: +20[0],+22[0],+26[0],+28[0],+30[0],+32[0],+38[0],+40[0],+43[0],+65[0],+78[0],+80[0]

Conversations:

[0]: 17545cb8-0fb6-421e-b363-f6d42cc18fb8; Localize folder and shortcut names; composer-1;
[1]: 3748bced-25f1-4fd2-bbaa-566dca4ce7d7; Localize iPod settings; composer-1;
[2]: cb9c9bef-8087-46b1-b55c-f4b83290d2ee; Localize chats app components; composer-1;
[3]: f0606fb6-cb99-4fd4-a02b-b55a736b0562; Localize photo booth setup; composer-1;
