AI Notes:

src/apps/internet-explorer/components/InternetExplorerAppComponent.tsx: +64[0],+371[0],+373-378[0],+380-384[0],+624-625[0],+661[0],+1882-1883[0],+1899[0],+1913[0],+1917[0],+1919[0],+1921[0],+2387[0] -252-257[0],-259-263[0],-620-621[0],-657[0],-1878-1879[0],-1895[0],-1909[0],-1913[0],-1915[0],-1917[0],-2383[0]
src/apps/synth/components/SynthAppComponent.tsx: +32-33[1],+562[1],+576[1],+584[1],+597[1],+683[1],+690[1],+830-831[1],+904[1],+950[1],+961[1],+978[1],+1003[1],+1029[1],+1039[1],+1056[1],+1072[1],+1081[1],+1090[1],+1099[1],+1125[1],+1137[1],+1151[1],+1165[1],+1179[1],+1189[1],+1201[1],+1215[1],+1229[1],+1243[1],+1257[1],+1271[1],+1285[1],+1298[1],+1311[1],+1325[1],+1341[1],+1355[1],+1366[1],+1379[1],+1393[1],+1407[1],+1421[1],+1437[1],+1451[1],+1465[1],+1616[1],+1631[1],+1634-1635[1] -560[1],-574[1],-582[1],-595[1],-681[1],-688[1],-900[1],-946[1],-957[1],-974[1],-999[1],-1025[1],-1035[1],-1052[1],-1068[1],-1077[1],-1086[1],-1095[1],-1121[1],-1133[1],-1147[1],-1161[1],-1175[1],-1185[1],-1197[1],-1211[1],-1225[1],-1239[1],-1253[1],-1267[1],-1281[1],-1294[1],-1307[1],-1321[1],-1337[1],-1351[1],-1362[1],-1375[1],-1389[1],-1403[1],-1417[1],-1433[1],-1447[1],-1461[1],-1612[1],-1627[1],-1630-1631[1]
src/components/dialogs/FutureSettingsDialog.tsx: +18-20[0],+35-38[0],+96-198[0],+203-207[0],+213-239[0] -92[0],-98-158[0]
src/lib/i18n.ts: +33-34[2],+36-47[2],+49-53[2],+55-56[2],+58-61[2],+63-67[2],+69-70[2],+72-78[2],+80-85[2],+87-88[2],+90[2],+93[2],+95-96[2],+100-107[2] -33[2],-36[2]
src/lib/locales/de/translation.json: +558-562[0],+563[2],+1186[2],+1187[3],+1196[2],+1203[2],+1240[1],+1250[2],+1257[2] -1209[1]
src/lib/locales/en/translation.json: +472-476[0],+477[2],+1259[2],+1260-1272[1],+1273[2],+1274-1278[1],+1279[2],+1280-1287[1],+1288[2],+1289-1294[1],+1295[2],+1296-1300[1]
src/lib/locales/fr/translation.json: +558-562[0],+563[2],+1186[2],+1187[3],+1196[2],+1203[2],+1240[1],+1250[2],+1257[2] -1209[1]
src/lib/locales/ja/translation.json: +558-562[0],+563[2],+1186[2],+1187[3],+1196[2],+1203[2],+1240[1],+1250[2],+1257[2] -1209[1]
src/lib/locales/ko/translation.json: +558-559[0],+561-562[0],+563[2],+1186[2],+1187[3],+1196[2],+1203[2],+1240[1],+1250[2],+1257[2] -1209[1]
src/lib/locales/zh-TW/translation.json: +558-562[0],+563[2],+1186[2],+1196[2],+1203[2],+1250[2],+1257[2]
src/stores/useLanguageStore.ts: +2-7[2],+9[2],+22-23[2],+28[2],+30[2],+32-43[2] -2[2],-4[2],-21[2]

Conversations:

[0]: c36cbdde-f495-477f-81fc-be2ceff5bbe0; Fix localization and title appearance; composer-1;
[1]: b8af09a7-aa4b-4909-8f26-b78062ae971d; Localize synth application; composer-1;
[2]: 4afd4575-bad0-40ed-a87b-2ebae5b92ddc; Auto detect and set user locale; composer-1;
[3]: 17545cb8-0fb6-421e-b363-f6d42cc18fb8; Localize folder and shortcut names; composer-1;
