AI Notes:

.cursor/commands/localize.md: +1[0],+3[0],+5-6[0],+8-11[0],+13[0],+15-19[0],+21[0],+23-24[0],+26-29[0],+31-52[0],+54-58[0],+60-63[0],+65-69[0],+71-73[0],+75-76[0],+78-80[1],+81[0],+82[1],+84-90[1],+92-97[1],+99-103[0],+105[0],+107[0],+109-112[0],+114-117[0],+119-121[0],+123-125[0],+127[0],+129-130[0],+132-133[0],+135-136[0],+138-139[0],+141[0],+143-145[0],+146[1],+147[0],+148[1],+149-151[0],+153[0],+155-157[0]
.cursor/docs/LOCALIZATION_ROADMAP.md: -28[2],-40-47[2],-163-168[2]
.cursor/docs/LOCALIZATION_SUMMARY.md: -18-19[2],-30[2],-38[2],-48-55[2],-177-178[2]
scripts/extract-strings.ts: +68-77[2],+262[2],+269-272[2],+278-281[2] -68-75[2],-270-271[2]
src/apps/applet-viewer/components/AppletViewerMenuBar.tsx: +23[2],+60[2],+98[2],+106[2],+113[2],+121[2],+126[2],+133[2],+139[2],+149[2],+162[2],+172[2],+185-188[2],+196[2],+204[2],+210[2],+225[2],+237-238[2],+255[2],+269[2],+277[2],+283[2],+290[2] -96[2],-104[2],-111[2],-119[2],-124[2],-131[2],-137[2],-147[2],-160[2],-170[2],-183-184[2],-192[2],-200[2],-206[2],-221[2],-233-234[2],-251[2],-265[2],-273[2],-279[2],-286[2]
src/apps/chats/components/ChatsMenuBar.tsx: +21[2],+87[2],+122[2],+130[2],+137[2],+148[2],+157[2],+163[2],+173[2],+186[2],+199[2],+263[2],+286[2],+294[2],+356[2],+364[2],+370[2],+377[2] -120[2],-128[2],-135[2],-146[2],-155[2],-161[2],-171[2],-184[2],-197[2],-261[2],-284[2],-292[2],-354[2],-362[2],-368[2],-375[2]
src/apps/ipod/components/IpodAppComponent.tsx: +34[0],+86[0],+100-116[0],+636[0],+638[0],+661[0],+663[0],+688[0],+690[0],+764[0],+797-798[0],+949[0],+1043[0],+1045[0],+1048[0],+1061[0],+1064[0],+1069[0],+1080[0],+1087[0],+1089-1090[0],+1094[0],+1116[0],+1120[0],+1123[0],+1125[0],+1205[0],+1222[0],+1226-1227[0],+1242[0],+1253[0],+1283[0],+1311[0],+1323[0],+1326[0],+1329[0],+1332[0],+1335[0],+1338[0],+1341[0],+1346[0],+1348-1349[0],+1362[0],+1366-1367[0],+1370[0],+1380[0],+1390[0],+1401[0],+1411[0],+1421[0],+1433[0],+1440[0],+1458[0],+1464[0],+1467[0],+1476-1479[0],+1481[0],+1483[0],+1485[0],+1487[0],+1499[0],+1517[0],+1546[0],+1578[0],+1589[0],+1642[0],+1650[0],+1863[0],+1881[0],+1893[0],+1903[0],+1916[0],+1949[0],+1963[3],+1978[3],+2015[0],+2364[0],+2366-2367[0],+2369[0],+2380[0],+2382[0],+2728[0],+2730-2731[0],+2738-2739[0] -306-322[0],-634[0],-636[0],-659[0],-661[0],-686[0],-688[0],-762[0],-795-796[0],-1040[0],-1042[0],-1045[0],-1058[0],-1061[0],-1066[0],-1077[0],-1084[0],-1086-1087[0],-1091[0],-1113[0],-1117[0],-1120[0],-1122[0],-1202[0],-1219[0],-1237[0],-1248[0],-1278[0],-1317[0],-1320[0],-1323[0],-1326[0],-1329[0],-1332[0],-1335[0],-1340[0],-1342-1343[0],-1361[0],-1371[3],-1381[0],-1392[0],-1402[0],-1412[0],-1424[0],-1431[0],-1454[0],-1457[0],-1467[0],-1469[0],-1471[0],-1473[0],-1485[0],-1503[0],-1532[0],-1574[0],-1627-1632[0],-1640[0],-1853[0],-1871[0],-1883[0],-1893[0],-1906[0],-1939[0],-1953[3],-1968[3],-2353[0],-2355-2356[0],-2358[0],-2369[0],-2371[0],-2717[0],-2719-2720[0],-2727-2728[0]
src/apps/ipod/components/IpodMenuBar.tsx: +22[0],+43[0],+48-60[0],+154[0],+179[0],+182[0],+199[0],+202[0],+220[0],+228[0],+235[0],+243[0],+249[0],+256[0],+269[0],+278[0],+285[0],+292[0],+300[0],+308[0],+316[0],+330[0],+337[0],+345[0],+354[0],+376-377[0],+397[0],+414-415[0],+428-429[0],+442-443[0],+452[0],+484[0],+493[0],+502[0],+512[0],+520[0],+528[0],+539[0],+553[0],+565[0],+576[0],+652[0],+658[0],+671[0],+679[0],+685[0],+692[0] -33-45[0],-152[0],-177[0],-180[0],-197[0],-200[0],-218[0],-226[0],-233[0],-241[0],-247[0],-254[0],-267[0],-276[0],-283[0],-290[0],-298[0],-306[0],-314[0],-328[0],-335[0],-343[0],-352[0],-374-375[0],-395[0],-412-413[0],-426-427[0],-440-441[0],-450[0],-482[0],-491[0],-500[0],-510[0],-518[0],-526[0],-537[0],-551[0],-563[0],-574[0],-650[0],-656[0],-669[0],-677[0],-683[0],-690[0]
src/apps/ipod/components/IpodScreen.tsx: +10[0],+416[0],+434-435[0] -432-433[0]
src/apps/ipod/components/IpodWheel.tsx: +3[0],+24[0],+311[0] -309[0]
src/hooks/useWindowManager.ts: +124[4],+126[4],+132-134[4],+241[4],+243[4],+245-248[4],+341[4],+343[4],+345-348[4],+363-367[4],+382-386[4],+406-414[4],+425[4],+428[4] -124[4],-126[4],-238[4],-240[4],-334[4],-336[4],-395[4],-398[4]
src/lib/locales/de/translation.json: +517[5]
src/lib/locales/en/translation.json: +350[6],+356[7],+367[8],+673-674[0],+675[9],+676-677[0],+678-679[8],+680-698[0],+699-700[8],+701-713[0],+714[3],+715[8],+716[0],+717[5],+718-727[0],+728[10],+729[0],+730[3],+731[8],+732-733[0],+734[10],+735-743[0],+744[8],+745[9],+746-752[0],+753[11],+754[8],+755-757[0],+758[11],+759[8],+760[7],+761-764[0] -655[0]
src/lib/locales/fr/translation.json: +499[5]
src/lib/locales/ja/translation.json: +499[5]
src/lib/locales/ko/translation.json: +499[5]
src/lib/locales/zh-TW/translation.json: +404[5],+421[5],+452[5],+493[5],+509[5],+515[5],+550[5]

Conversations:

[0]: 3748bced-25f1-4fd2-bbaa-566dca4ce7d7; Localize iPod settings; composer-1;
[1]: 851d76a8-5fa9-4e1b-8e39-96747f5999a3; Optimize localization command ordering; composer-1;
[2]: 7fed5429-a03f-40db-af05-5a89637620a1; Check and update localization progress; composer-1;
[3]: 8db2f8ff-4a03-440a-83df-90395d691ce1; Localize iPod components and keys; composer-1;
[4]: 0ffa2300-9837-44f4-9dfb-48105f204ad7; Stop drag window sound from looping; composer-1;
[5]: 17545cb8-0fb6-421e-b363-f6d42cc18fb8; Localize folder and shortcut names; composer-1;
[6]: 6c1ceec8-eaa5-4d8a-bb61-9dfe305c8e97; Localize applet viewer; composer-1;
[7]: cb9c9bef-8087-46b1-b55c-f4b83290d2ee; Localize chats app components; composer-1;
[8]: 74d0b3a8-5712-45ed-85ea-082c7f3be13d; Localize virtual PC setup; composer-1;
[9]: f0606fb6-cb99-4fd4-a02b-b55a736b0562; Localize photo booth setup; composer-1;
[10]: 31cfb261-366b-4a2f-8c72-e21c3c50a2c0; Localize internet explorer; composer-1;
[11]: f6f580aa-7ad0-46b0-ae7a-99105b7dc4f8; Localize paint application; composer-1;
