AI Notes:

src/lib/locales/de/translation.json: +30-33[0],+35[0]
src/lib/locales/en/translation.json: +3[1],+4[2],+6[2],+18[3],+29-35[0],+38[1],+40[1],+41[3],+53[3],+61[1],+68-69[1],+78[1],+82[1],+86[1],+90[1],+94[1],+98-100[1],+108[1],+112[1],+116[1],+120[1],+124[1],+128-130[1],+138[1],+142[1],+146[1],+150[1],+154[1],+158-160[1],+168[1],+172[1],+176[1],+180[1],+184[1],+188-190[1],+198[1],+202[1],+206[1],+210[1],+214[1],+218-220[1],+228[1],+232[1],+236[1],+240[1],+244[1],+248-250[1],+258[1],+262[1],+266[1],+270[1],+274[1],+278-280[1],+288[1],+292[1],+296[1],+300[1],+304-306[1],+314[1],+318[1],+322[1],+326[1],+330[1],+334-336[1],+344[1],+348[1],+352[1],+356[1],+360[1],+364-366[1],+374[1],+378[1],+382[1],+386[1],+387[4],+390[1],+394-396[1],+404[1],+408[1],+412[1],+416[1],+420[1],+424-426[1],+434[1],+438[1],+442[1],+446[1],+450[1],+454-456[1],+464[1],+468[1],+472[1],+476[1],+480[1],+484-486[1],+494[1],+498[1],+502[1],+506[1],+510[1],+514-517[1],+522[2],+524-527[2],+528-530[1]
src/lib/locales/fr/translation.json: +29-35[0]
src/lib/locales/ja/translation.json: +29-33[0],+35[0]
src/lib/locales/ko/translation.json: +29-35[0]
src/lib/locales/zh-TW/translation.json: +38[0],+61[0],+68-69[0],+78[0],+82[0],+86[0],+90[0],+94[0],+98-100[0],+108[0],+112[0],+116[0],+120[0],+124[0],+128-130[0],+138[0],+142[0],+146[0],+150[0],+154[0],+158-160[0],+168[0],+172[0],+176[0],+180[0],+184[0],+188-190[0],+198[0],+202[0],+206[0],+210[0],+214[0],+218-220[0],+228[0],+232[0],+236[0],+240[0],+244[0],+248-250[0],+258[0],+262[0],+266[0],+270[0],+274[0],+278-280[0],+288[0],+292[0],+296[0],+300[0],+304-306[0],+314[0],+318[0],+322[0],+326[0],+330[0],+334-336[0],+344[0],+348[0],+352[0],+356[0],+360[0],+364-366[0],+374[0],+378[0],+382[0],+386[0],+390[0],+394-396[0],+404[0],+408[0],+412[0],+416[0],+420[0],+424-426[0],+434[0],+438[0],+442[0],+446[0],+450[0],+454-456[0],+464[0],+468[0],+472[0],+476[0],+480[0],+484-486[0],+494[0],+498[0],+502[0],+506[0],+510[0],+514-517[0],+528-530[0]
src/utils/i18n.ts: +20[0],+22[0],+26[0],+28[0],+30[0],+32[0],+38[0],+40[0],+43[0],+65[0],+78[0],+80[0]

Conversations:

[0]: 17545cb8-0fb6-421e-b363-f6d42cc18fb8; Localize folder and shortcut names; composer-1;
[1]: 6c1ceec8-eaa5-4d8a-bb61-9dfe305c8e97; Localize applet viewer; composer-1;
[2]: 3748bced-25f1-4fd2-bbaa-566dca4ce7d7; Localize iPod settings; composer-1;
[3]: cb9c9bef-8087-46b1-b55c-f4b83290d2ee; Localize chats app components; composer-1;
[4]: f0606fb6-cb99-4fd4-a02b-b55a736b0562; Localize photo booth setup; composer-1;
