AI Notes:

src/apps/control-panels/components/ScreenSaverPicker.tsx: +13[0],+36-38[0],+41-58[0],+162[0],+171-195[0] -13[0],-141[0],-150-156[0]
src/components/screensavers/Maze.tsx: +2[0],+4[0],+6[0],+18-24[0],+28[0],+87[0],+214-216[0],+220-222[0],+224[0],+229[0] -3[0],-16-17[0],-79[0],-206[0],-210[0],-212[0],-217[0]
src/components/screensavers/Pipes.tsx: +2[0],+24[0],+26[0],+37-40[0],+43-49[0],+209-211[0],+215-217[0],+219[0],+224[0] -23[0],-35-37[0],-40-41[0],-201[0],-205[0],-207[0],-212[0]
src/components/screensavers/Starfield.tsx: +3-12[0],+21[0],+23[0],+34-39[0],+43-49[0],+111-113[0],+117-119[0],+121[0],+126[0] -11[0],-23-24[0],-28-29[0],-91[0],-95[0],-97[0],-102[0]

Conversations:

[0]: 3043e45d-32a4-44f8-9a90-7bd981ebf8cd; Fix wallpaper preview accuracy; robin-alpha-next-2025-11-24; composer;
